20 0.63203125 0.509375 0.03359375 0.15234375
22 0.8265625 0.51171875 0.03671875 0.14765625
17 0.3015625 0.5140625 0.0296875 0.16171875
18 0.49921875 0.5140625 0.03828125 0.15234375
16 0.2390625 0.5140625 0.03828125 0.15234375
15 0.17421875 0.50234375 0.03203125 0.14765625
13 0.04453125 0.50703125 0.03515625 0.14765625
12 0.95703125 0.209375 0.03359375 0.15234375
4 0.36953125 0.20703125 0.025 0.14765625
3 0.30390625 0.209375 0.04140625 0.14296875
27 0.36953125 0.78828125 0.03515625 0.1765625
25 0.171875 0.77109375 0.03359375 0.17109375
2 0.23671875 0.20234375 0.03984375 0.14765625
1 0.16953125 0.2046875 0.03203125 0.14296875
0 0.109375 0.20703125 0.03203125 0.14765625
19 0.5640625 0.509375 0.03828125 0.15234375
11 0.89140625 0.21640625 0.03359375 0.15703125
10 0.8265625 0.20703125 0.03359375 0.14765625
9 0.6984375 0.2046875 0.03359375 0.12890625
14 0.10703125 0.4734375 0.0265625 0.11875
8 0.63203125 0.20703125 0.03671875 0.13828125
21 0.69453125 0.50234375 0.03515625 0.12890625
23 0.04140625 0.790625 0.03359375 0.14765625
7 0.5640625 0.20703125 0.03828125 0.15703125
24 0.10546875 0.7953125 0.03515625 0.15703125
6 0.5 0.20234375 0.0296875 0.14765625
26 0.2390625 0.8 0.03671875 0.14296875
5 0.43671875 0.21171875 0.03671875 0.14765625
28 0.43203125 0.78828125 0.03515625 0.14765625
29 0.49921875 0.79296875 0.03828125 0.15703125