3 0.1734375 0.3140625 0.0875 0.13359375
6 0.68515625 0.315625 0.08671875 0.1234375
7 0.66015625 0.68046875 0.0921875 0.1640625
3 0.4484375 0.50703125 0.0921875 0.14921875
8 0.59453125 0.31484375 0.08125 0.12734375
8 0.434375 0.68046875 0.090625 0.1640625
14 0.36015625 0.3140625 0.0890625 0.13203125
6 0.76640625 0.67890625 0.096875 0.1640625
6 0.5375 0.67890625 0.0921875 0.16640625
7 0.79609375 0.31640625 0.0828125 0.1296875
0 0.54765625 0.50390625 0.0875 0.15078125
14 0.6484375 0.50390625 0.0984375 0.15234375
6 0.89453125 0.31640625 0.09296875 0.13125
2 0.33203125 0.68203125 0.09453125 0.16015625
2 0.50234375 0.315625 0.0875 0.12890625
0 0.265625 0.3140625 0.08671875 0.1296875