14 0.325 0.20078125 0.08515625 0.2265625
14 0.63125 0.53203125 0.0921875 0.2265625
7 0.33515625 0.7875 0.08515625 0.23828125
6 0.73984375 0.78515625 0.08515625 0.2328125
7 0.6328125 0.19453125 0.08125 0.21484375
7 0.42890625 0.790625 0.08125 0.2328125
6 0.8453125 0.1890625 0.08515625 0.21484375
7 0.5203125 0.78515625 0.08125 0.2328125
7 0.54453125 0.19453125 0.075 0.21484375
3 0.44921875 0.53515625 0.08828125 0.22109375
9 0.64609375 0.78515625 0.08828125 0.2328125
3 0.14296875 0.209375 0.08828125 0.2328125
0 0.234375 0.203125 0.08125 0.22109375
7 0.4578125 0.19765625 0.078125 0.22109375
0 0.5375 0.53515625 0.08125 0.22109375
9 0.753125 0.1890625 0.08515625 0.21484375